inPath = '../gedData/smallData/';
outPath = '../gedData/smallData/';
avoidEdgeDistance = 10;
minSlice = 1;
maxSlice = 150;
halfEdgeSize = 0;
filterRadius = 2;
maxIter = 3;
maxDistance = 100;
SHOWRESULT = true;
SAVERESULT = true;

p = {'5.05_ID1662_769_v7.3_double', [375,173,128], [315,153,128], [301,204,128], [1, 164, 196, 150]; ...
    '5.05_ID1662_770_v7.3_double', [365,286,128], [384,316,128], [333,285,128], [17, 164, 196, 229]; ...
    '5.05_ID1662_771_v7.3_double', [171,294,128], [184,362,128], [318,201,128], [17, 164, 196, 229]; ...
    '5.05_ID1662_772_v7.3_double', [298,130,128], [416,294,128], [328,262,128], [17, 164, 196, 229]; ...
    '5.05_ID1662_773_v7.3_double', [224,387,128], [193,392,128], [319,237,128], [17, 164, 196, 229]; ...
    '5.05_ID1684_806_v7.3_double', [375,173,128], [315,153,128], [301,204,128], [17, 164, 196, 229]; ...
    '5.05_ID1684_809_v7.3_double', [375,173,128], [315,153,128], [301,204,128], [17, 164, 196, 229]; ...
    '5.05_ID1689_805_v7.3_double', [375,173,128], [315,153,128], [301,204,128], [17, 164, 196, 229]; ...
    '5.05_ID1689_807_v7.3_double', [375,173,128], [315,153,128], [301,204,128], [17, 164, 196, 229]; ...
    '5.05_ID1689_808_v7.3_double', [375,173,128], [315,153,128], [301,204,128], [17, 164, 196, 229]};

%for i = 1:length(p)
i = 5;
    analyse3d([inPath,p{i,1},'.mat'], p{i,1}, p{i,1}, p{i,1}, avoidEdgeDistance, minSlice, maxSlice, halfEdgeSize, filterRadius, maxIter, maxDistance, SHOWRESULT, SAVERESULT, [outPath,p{i,1}]);

%end
